1276278049 9204
1276329559 9233
1276379098 9241
1276381597 9534
1276383329 9544
1276393956 9533
1276397514 9556
1276405010 9505
1276405461 9505
1276469200 9227
1276470752 9254
1276471728 9261
1276484431 9262
1276488497 9242
1276489372 9396
1276492276 9409
1276538755 9417
1276540875 9428
1276541516 10816
1276541752 10820
1276546337 10974
1276546640 10989
1276557657 10994
1276560787 11013
1276562901 11056
1276562930 11056
1276622306 11073
1276622604 9619
1276628192 9629
1276628375 9878
1276630101 9876
1276652514 9956
1276659494 9985
1276662892 9989
1276663299 10091
1276666448 10119
1276742559 10373
1276753721 10373
1276817042 10333
1276823147 10333
1276833171 10333
1276907623 10459
1276907876 10459
1276908412 10459
1276908586 10459
1276908972 10456
1276909091 10456
1276909797 10456
1276912979 10454
1276924097 10454
1276929538 10459
1276929662 11014
1276930472 11013
1276931286 11013
1276933775 11014
1276933816 11014
1276983743 11000
1276984657 11001
1276985232 11006
1277057494 11011
1277057601 11004
1277096188 11004
1277096689 11014
1277097204 11933
1277154725 11972
1277156318 12222
1277163979 12228
1277173447 12252
1277227176 12255
1277227933 12253
1277228025 12256
1277228346 12256
1277228565 12256
1277242276 12277
1277242298 12277
1277244844 12283
1277245020 12283
1277248335 12297
1277248376 12297
1277248995 12296
1277250281 12971
1277250959 12968
1277252407 12985
1277258351 12985
1277259611 12986
1277281560 12984
1277281566 13044
1277313949 13053
1277313988 13053
1277316718 13064
1277319526 49056
1277319543 49068
1277320042 49065
1277328771 49120
1277328835 49120
1277331946 49130
1277335846 49135
1277425369 49107
1277437549 49116
1277439105 49149
1277443209 49141
1277443499 49141
1277505203 49144
1277505280 48842
1277505340 48853
1277515895 48853
1277516787 48853
1277518925 48902
1277521120 48902
1277529341 49005
1277529349 49007
1277536041 49067
1277659943 49065
1277680662 48999
1277752175 48996
1277753731 48996
1277782774 49049
1277782932 49061
1277788685 49074
1277788727 49213
1277839536 49299
1277847273 49327
1277847406 49360
1277848830 49378
1277849109 49404
1277854092 49410
1277854100 49427
1277857629 49612
1277857829 49589
1277859601 49571
1277859609 49572
1277863254 49565
1277863703 49565
1277866550 49578
1277870029 49582
1277870204 49608
1277870211 49608
1277874879 49608
1277879053 49644
1277879295 49645
1277880459 49610
1277883043 49610
1277924231 49662
1277928729 49697
1277930175 49702
1277930183 49703
1277930846 49712
1277938829 49814
1277938840 49875
1277946205 49877
1277946254 49928
1277948631 49932
1277949209 49932
1277951485 49932
1278000158 49933
1278000184 49944
1278000927 49944
1278005297 49947
1278006922 49946
1278009659 49955
1278009673 49965
1278010674 49964
1278013954 50004
1278014820 50004
1278028452 49991
1278029375 50100
1278029389 50118
1278029597 50119
1278032855 50119
1278032886 50107
1278033120 50107
1278033182 50107
1278038996 50107
1278039338 50109
1278039345 50074
1278039871 50087
1278090216 50087
1278091661 50088
1278093214 50086
1278094319 50038
1278101333 50095
1278106498 50110
1278106825 50110
1278108988 50125
1278109173 50125
1278109712 50126
1278222191 50155
1278222356 50136
1278225545 50134
1278225560 50136
1278313336 50556
1278373200 50559
1278374394 50570
1278375484 50574
1278386894 50645
1278396949 50791
1278442124 50781
1278442148 50796
1278442641 50797
1278443484 50802
1278443496 50803
1278459164 50787
1278459180 50791
1278461360 50686
1278466189 50765
1278474181 50804
1278474198 50816
1278541642 50833
1278541664 50934
1278543871 50921
1278546102 50928
1278554372 50959
1278558567 51024
1278566415 50981
1278609257 50967
1278609483 50906
1278609598 50906
1278609624 50906
1278610962 50906
1278610975 50917
1278612998 50911
1278613858 50914
1278614658 50910
1278615906 50831
1278623538 50771
1278625106 50776
1278638919 50977
1278650654 51027
1278650727 50870
1278651826 50870
1278656094 50900
1278694769 50913
1278695909 50973
1278696438 50973
1278699240 50971
1278699251 50973
1278709655 50981
1278710019 50991
1278711151 51016
1278716880 51048
1278716887 51049
1278724211 51080
1278726099 51080
1278726639 51080
1278726888 51081
1278726899 51083
1278728859 51102
1278729362 51090
1278747178 51092
1278783286 51098
1278783758 50423
1278878619 50423
1278955556 50430
1278956261 50430
1278956547 50429
1278956844 50429
1278984706 50452
1279134414 50667
1279211533 50657
1279214681 50675
1279215051 50676
1279215798 50674
1279216776 50674
1279238086 50674
1279238109 51041
1279238214 51041
1279238362 51041
1279244455 51030
1279244461 51077
1279299546 51086
1279299564 51082
1279299989 51082
1279300725 51071
1279300841 51071
1279301382 51071
1279301393 51071
1279308684 51159
1279326366 51258
1279326382 51305
1279326477 51305
1279340082 51305
1279346544 51323
1279346551 51384
1279346639 51393
1279347083 51383
1279347738 51382
1279347755 51382
1279400683 51411
1279400757 51410
1279401031 51411
1279419746 51472
1279420143 51472
1279426221 51475
1279426229 51475
1279645202 51484
1279651836 51548
1279651845 51571
1279667638 51625
1279668128 51686
1279679428 51682
1279686504 51743
1279697027 54387
1279697558 54388
1279698057 54384
1279698161 54384
1279731895 54391
1279747798 54454
1279747868 54453
1279749486 54463
1279750080 54467
1279752450 54481
1279752466 54490
1279755513 54498
1279757121 54520
1279757202 54520
1279760524 54579
1279760565 54581
1279760858 54583
1279761777 54580
1279761933 54582
1279761963 54583
1279762038 54584
1279767094 54585
1279768950 54588
1279769623 54850
1279772116 54857
1279822477 54881
1279824837 54909
1279824847 54925
1279832019 54926
1279832026 54929
1279842928 55073
1279843731 55070
1279843904 55071
1279854984 55107
1279855192 55110
1279859263 55299
1279862046 55300
1279862528 55303
1279863008 55307
1279863167 55307
1279863270 55307
1279866997 55307
1279906917 55307
1279911544 55316
1279911571 55316
1279920002 55317
1279920775 55316
1279921979 55316
1279923220 55315
1279923724 55316
1279924347 55320
1279924627 55325
1279924932 55328
1279925348 55328
1279925982 55329
1279926435 55330
1279927565 55334
1279927990 55335
1279928219 55336
1279929454 55338
1279930829 55330
1279931620 55333
1279931910 55243
1279934008 55244
1279934268 55251
1279934311 55250
1279944996 55291
1279945205 55268
1279945888 55281
1279946087 55281
1279949712 55283
1279949727 55283
1279950023 55285
1279954601 55291
1279960755 55304
1279961767 55307
1279992283 55306
1279992947 55313
1279993055 55313
1279993741 55322
1279994435 55324
1279994965 55321
1279998768 55315
1280011722 55297
1280013092 55292
1280038862 55303
1280184641 55336
1280184690 55546
1280184722 55593
1280185699 55593
1280188664 55605
1280189040 55619
1280191188 55623
1280193200 55624
1280206082 55727
1280265811 55746
1280265824 55802
1280266456 55834
1280267104 55835
1280271162 55854
1280271170 55850
1280272726 55851
1280272739 55994
1280340797 56009
1280340867 56075
1280344416 56080
1280350802 56111
1280353708 56137
1280356407 56151
1280358769 56149
1280361896 56165
1280361914 56210
1280363465 56211
1280364403 56211
1280374662 56211
1280423417 56211
1280423871 56212
1280437129 56293
1280439526 56294
1280444018 56331
1280446515 56332
1280447592 56332
1280447894 56333
1280449565 56353
1280449601 56353
1280451584 56353
1280451798 56353
1280453841 56357
1280455940 56359
1280456585 56362
1280457898 56342
1280461383 56346
1280510450 56351
1280510760 56352
1280511156 56353
1280518802 56436
1280518959 56429
1280768734 56439
1280772801 56459
1280773264 56454
1280777616 56456
1280778733 56467
1280790707 56477
1280791972 56477
1280797396 56483
1280797687 56477
1280799009 56477
1280809874 56477
1280907671 56483
1280908049 56484
1280908666 56489
1280910707 56488
1280911211 56490
1280940599 56490
1280960565 56490
1280962801 55654
1280962879 55669
1280962897 55729
1280963612 55730
1280964968 55723
1280966775 55750
1280967038 55750
1280967629 55770
1280970732 55773
1280979135 55729
1280979858 55730
1280981305 55729
1281030182 55738
1281030389 55730
1281030998 55739
1281031776 55748
1281032018 55748
1281032080 55739
1281034591 55726
1281034644 55726
1281044388 55549
1281046124 55549
1281048258 55576
1281048516 55576
1281049733 55575
1281372520 55646
1281998114 57906
1281998168 57906
1281999091 57893
1282007483 57958
1282007910 57930
1282016364 57996
1282023862 57973
1282028507 57972
1282065195 57973
1282066525 57969
1282066537 57985
1282066998 57995
1282067320 57996
1282067327 58000
1282067930 58000
1282068211 58001
1282072355 58043
1282072934 58046
1282078612 58043
1282078798 58043
1282087349 58026
1282087492 58027
1282090829 58088
1282096163 58087
1282096602 57743
1282096646 57741
1282097027 57739
1282098762 57740
1282099304 57740
1282101569 57774
1282102745 57771
1282107825 57684
1282107840 57679
1282109641 57667
1282109661 57669
1282112460 57627
1282112837 57619
1282112880 57619
1282114207 57600
1282123951 57599
1282153053 57618
1282154023 57622
1282156781 57641
1282157960 57644
1282159043 57665
1282159695 57665
1282170226 57688
1282170323 57706
1282173310 57671
1282173420 57674
1282174028 57674
1282174511 57674
1282175959 57639
1282175992 57640
1282176748 57641
1282178524 57643
1282178859 57643
1282179396 57642
1282180987 57663
1282181024 57663
1282187671 57654
1282187687 57654
1282188387 57654
1282189746 57654
1282189915 57654
1282190727 57654
1282190773 57654
1282191769 57654
1282191855 57561
1282191952 57561
1282192442 57561
1282197537 57590
1282197558 57600
1282238443 57599
1282240007 57601
1282240018 57601
1282244398 57614
1282244421 57610
1282245449 57610
1282252372 57610
1282252407 57627
1282253134 57627
1282253775 57627
1282257891 57788
1282259800 57788
1282261436 57788
1282261606 57788
1282266605 57788
1282273634 57788
1282540834 57798
1282614320 58063
1282614331 59902
1282673259 59915
1282673276 59901
1282673524 59899
1282674800 59911
1282675249 59912
1282677190 59913
1282677426 59912
1282682436 59912
1282682469 59915
1282685741 59917
1282686064 59966
1282686272 59948
1282686350 59948
1282689744 59939
1282690131 59952
1282690144 59969
1282690535 59949
1282690549 59948
1282693122 59945
1282693182 59950
1282694164 59955
1282694176 59956
1282695147 59951
1282696991 59952
1282697015 59955
1282699876 59952
1282701170 59952
1282701720 59956
1282702963 59951
1282703138 59951
1282703558 59953
1282704417 59958
1282706017 59974
1282708172 60005
1282755558 60006
1282756179 60006
1282761350 59990
1282761356 59992
1282769476 60004
1282769579 60005
1282769798 60004
1282769809 60169
1282769896 24194
1282777724 24213
1282780031 24212
1282781517 24216
1282782852 24217
1282784453 24221
1282785338 24221
1282785621 24375
1282785637 24489
1282786102 24489
1282798384 24548
1282941208 24555
1282941219 24723
1282950550 24736
1282958228 24741
1283026090 24744
1283027263 24745
1283027467 24745
1283027571 24745
1283031502 24738
1283032388 24738
1283045809 24738
1283140798 24738
1283147353 24699
1283147382 24701
1283148268 24689
1283150779 24727
1283285231 24715
1283297932 24717
1283320550 24717
1283787969 24726
1283846102 24773
1283886223 24771
1283903273 24773
1283905077 24772
1283907560 24772
1283907603 24772
1283907978 25029
1283908877 25900
1283908896 25900
1283921885 25900
1283965217 25900
1283965231 25894
1283968748 25912
1283968757 25912
1283969269 25914
1283971074 25936
1283972283 25944
1283972645 25948
1283974448 25966
1283975548 25977
1283981682 25965
1283988930 25967
1283999964 25973
1283999982 25974
1284000549 25974
1284001381 25975
1284004355 26005
1284004363 25980
1284013808 25973
1284014107 26004
1284050132 25958
1284151715 25965
1284155531 26030
1284156475 26043
1284157144 26044
1284157691 26044
1284157860 26045
1284157996 26045
1284158279 26054
1284158518 26058
1284158676 26055
1284160791 26055
1284161233 26174
1284161920 26174
1284162211 26143
1284162549 26144
1284162748 26144
1284163219 26144
1284170228 26145
1284185806 26137
1284187036 26143
1284188133 26150
1284216825 26151
1284216864 26151
1284220765 26141
1284232195 26155
1284232220 26204
1284232427 26201
1284232456 26201
1284241149 26202
1284267481 26210
1284273103 26210
1284346583 26238
1284346607 26237
1284352263 26233
1284352492 26242
1284353835 26243
1284353879 26243
1284354650 26242
1284354884 26249
1284357293 26270
1284357389 26264
1284358940 26265
1284398525 26270
1284399609 26150
1284399860 24436
1284401110 24443
1284401819 24354
1284402125 24334
1284402610 24334
1284405403 24318
1284405409 24294
1284414535 24300
1284414541 28415
1284416457 28413
1284416498 28413
1284416655 28413
1284417866 28435
1284419143 28435
1284423984 28470
1284424349 28474
1284425850 28473
1284425879 28342
1284426513 28306
1284432870 28304
1284432896 28306
1284436287 28303
1284443511 28304
1284488038 28517
1284488050 28523
1284490720 28523
1284490735 28522
1284504160 28539
1284504169 28539
1284505079 28551
1284505831 28542
1284506681 28544
1284508607 28604
1284509822 28609
1284511895 28611
1284513040 28620
1284513466 28623
1284514026 28626
1284515197 28626
1284516443 28629
1284518066 28626
1284518891 28626
1284519288 28626
1284521730 28671
1284521851 28673
1284522128 28668
1284522441 28668
1284523810 28675
1284523976 28675
1284524176 28680
1284524247 28680
1284524276 28680
1284524697 28685
1284527495 28685
1284528493 28934
1284536388 28937
1284571057 28933
1284571617 28932
1284571627 28932
1284574425 28940
1284574447 26569
1284575063 26579
1284575139 26579
1284575362 26579
1284576296 26578
1284577179 26579
1284578523 26579
1284582486 26580
1284582579 26581
1284582846 26581
1284584016 26589
1284584945 26589
1284588915 26592
1284589312 26597
1284589566 26595
1284589588 26593
1284589913 26593
1284590726 26597
1284590775 26601
1284590956 26601
1284591326 26601
1284591743 26602
1284592604 26602
1284594003 26609
1284595521 26620
1284595536 26713
1284595736 26713
1284595997 26711
1284596483 26711
1284598234 26723
1284598578 26719
1284599216 26468
1284599365 26722
1284599836 26719
1284599996 26724
1284600234 26719
1284600772 26724
1284601392 26728
1284601694 26726
1284601700 26727
1284602033 26468
1284602141 26468
1284602242 26471
1284602332 26478
1284602489 26478
1284603431 26575
1284605128 26841
1284605172 26841
1284607201 26838
1284607369 26841
1284614835 26840
1284616873 26848
1284616885 26849
1284618122 26850
1284619795 26854
1284651139 26854
1284662854 26861
1284664456 26863
1284664486 26863
1284673104 26863
1284673112 26893
1284673887 26894
1284674865 26896
1284675870 26896
1284919116 26953
1284928382 26954
1284998956 29880
1285264770 30032
1285268157 30020
1285277422 30134
1285368648 29647
1285368678 29878
1285370321 29878
1285373538 29879
1285375911 29880
1285426992 29881
1285428479 29881
1285430799 29642
1285431064 29646
1285431989 29632
1285434260 29622
1285440864 29864
1285486840 29867
1285495061 30536
1285520429 29875
1285526971 30537
1285531710 29868
1285531736 30215
1285532090 30215
1285564801 30211
1285586316 30536
1285607488 30273
1285609169 30264
1285609181 30270
1285609889 30279
1285609952 30285
1285610628 30285
1285610954 30328
1285612564 30536
1285635514 30630
1285637687 30643
1285637695 30751
1285639621 31147
1285648101 31150
1285649641 31161
1285649872 31161
1285650674 31161
1285650970 31161
1285651816 31163
1285653011 31206
1285654548 31250
1285654579 31222
1285656680 31284
1285698318 31296
1285787767 31346
1286296932 31317
1286306227 31385
1286306493 31390
1286307500 31395
1286307701 31396
1286311196 31437
1286311210 31437
1286311662 31440
1286321281 31440
1286321301 31444
1286321729 31444
1286322050 31444
1286322687 31444
1286323195 31446
1286323220 31459
1286324100 31459
1286324114 31463
1286324640 31463
1286324786 31463
1286324801 31471
1286325243 31471
1286325249 31475
1286325935 31475
1286326341 31475
1286326348 31532
1286326573 31533
1286326736 31532
1286326997 31532
1286328896 31532
1286330464 31532
1286335333 31542
1286335653 31543
1286335900 31543
1286336248 31543
1286414033 31543
1286414398 31543
1286415517 31543
1286415531 31543
1286417143 31543
1286479274 31600
1286479291 32088
1286486824 32110
1286486838 32209
1286487541 32211
1286489152 32211
1286489163 32225
1286490538 32225
1286490550 32225
1286491218 32231
1286494959 32231
1286494969 33243
1286495329 33243
1286495659 33248
1286496038 33248
1286496052 33286
1286500646 33290
1286500658 33560
1286501159 33551
1286502766 33578
1286502773 33507
1286519933 33508
1286519970 33513
1286519981 33461
1286521627 33460
1286522613 33456
1286523768 33444
1286523778 33463
1286525707 33463
1286525717 33462
1286554571 33450
1286565942 33436
1286565975 33694
1286572009 33705
1286572025 33716
1286572535 33716
1286572794 33716
1286573139 33717
1286573153 33716
1286573842 33726
1286574417 33726
1286574430 33722
1286574549 33720
1286575204 33711
1286576487 33710
1286577322 33738
1286578050 33738
1286578063 33741
1286578272 33741
1286578772 33741
1286578884 33741
1286579305 33741
1286579315 33741
1286580986 33741
1286580996 33761
1286582712 33762
1286593993 33765
1286685270 33823
1286685866 33822
1286688759 33840
1286736848 33845
1286736856 33845
1286742543 33846
1286748297 33827
1286816526 33829
1286816589 33828
1286817232 33844
1286834291 33926
1286834302 34346
1286834837 34347
1286846539 34367
1286850000 34369
1286904343 34358
1286907449 34359
1286924077 34812
1286924102 34834
1286924496 34834
1286933039 34820
1286933060 34819
1286954369 34823
1286994043 34829
1287001785 34882
1287001816 34884
1287002449 34893
1287008307 34894
1287011782 34893
1287012536 34907
1287087010 34907
1287087301 34912
1287087338 34979
1287087710 34987
1287092806 34987
1287092824 34047
1287105138 34087
1287105154 34498
1287177668 34506
1287178609 34541
1287181839 34546
1287188404 34597
1287188419 34640
1287188891 34638
1287189847 34641
1287189874 34674
1287214957 34684
1287221689 35131
1287221905 35141
1287229503 35144
1287229513 35155
1287382164 34846
1287383783 34827
1287420996 34866
1287422805 34870
1287423259 34843
1287423539 34873
1287424386 34843
1287424642 34862
1287426287 34843
1287426433 34843
1287427487 34917
1287428420 34954
1287429092 34954
1287430984 34954
1287431782 34954
1287437741 34977
1287438648 34981
1287444416 35010
1287444537 35010
1287467709 35132
1287475635 35182
1287508144 35079
1287512969 35072
1287512987 35067
1287515422 35085
1287515436 35081
1287516534 35086
1287516574 35102
1287528160 35124
1287528171 35165
1287537959 35269
1287537966 35930
1287541004 35923
1287592772 35227
1287599336 35227
1287599406 36222
1287600429 36218
1287605972 36242
1287606076 36235
1287610005 36243
1287611537 36250
1287611550 36257
1287613830 36266
1287614502 36270
1287617977 36290
1287618043 36320
1287618612 36310
1287618642 36313
1287620803 36301
1287621327 36313
1287621335 36361
1287621755 36278
1287622401 36279
1287624249 36284
1287624255 36291
1287632353 36291
1287632378 36299
1287632827 36325
1287633993 36325
1287634915 36325
1287635116 36325
1287636183 36325
1287636873 36325
1287637019 36325
1287638554 36325
1287639470 36325
1287639858 36326
1287643248 36330
1287643584 36331
1287668715 36333
1287680466 36334
1287682759 36334
1287683717 36334
1287690590 36335
1287702451 36335
1287702469 36323
1287713255 36648
1287714935 36428
1287728333 36321
1287731598 36445
1287731746 36655
1287733201 36446
1287733771 36446
1287734877 36448
1287753767 36459
1287754726 36473
1287769024 36474
1287769047 36671
1287773750 36587
1287773764 36583
1287774014 36583
1287775648 36582
1287776041 36730
1287786761 36638
1287786770 36638
1287787042 36638
1287787102 36638
1287787642 36618
1287788179 36674
1287789399 36794
1287790083 36693
1287790448 36693
1287791821 36693
1287791832 36695
1287792748 36696
1287793570 36700
1287794579 36710
1287796197 36800
1287895793 38563
1288058151 36931
1288117190 37481
1288130272 37494
1288131196 37495
1288132442 37495
1288137938 37542
1288140379 37531
1288142170 37531
1288142507 37531
1288143066 37531
1288143773 37532
1288145974 37531
1288198430 37570
1288199584 37570
1288200430 37578
1288202637 37587
1288202886 37819
1288203221 37828
1288210525 37828
1288215297 37828
1288293219 37801
1288293230 38155
1288303283 38568
1288307673 38594
1288310575 38171
1288310594 38422
1288311106 38592
1288314117 38422
1288314437 38425
1288373672 38602
1288373677 38428
1288373720 38503
1288376039 38602
1288377527 38991
1288377568 38991
1288379350 38999
1288379372 39104
1288380638 39112
1288380654 39101
1288382735 39102
1288383745 39103
1288384014 39106
1288387571 39109
1288387580 39107
1288390571 39113
1288390577 39133
1288394499 39135
1288394613 40185
1288396564 40177
1288396600 40175
1288398388 40163
1288400916 40169
1288403217 40175
1288403730 40175
1288404527 40175
1288404601 40144
1288553666 40137
1288553756 53753
1288560603 53755
1288561814 53743
1288569742 53753
1288570583 53759
1288571363 53817
1288572518 53817
1288572587 53803
1288572603 53822
1288580664 53820
1288580689 53817
1288580715 53848
1288592530 53849
1288592594 53838
1288593056 53838
1288593752 53838
1288593890 53839
1288598116 53839
1288600572 53905
1288614418 53907
1288631261 53901
1288633027 53904
1288646596 53904
1288647951 53903
1288648733 53899
1288654461 54137
1288655109 54137
1288656448 54137
1288657810 54141
1288657821 54180
1288658165 54420
1288662126 54409
1288675335 54423
1288675355 54449
1288682618 54464
1288720252 54563
1288720332 54408
1288721095 54575
1288748740 54374
1288754182 54588
1288761467 52494
1288775487 54458
1288785486 54577
1288805025 52323
1288807196 52348
1288807204 52400
1288807669 52441
1288812092 52416
1288815405 52441
1288815417 52434
1288823201 52433
1288827577 52395
1288827753 52503
1288827790 52504
1288832650 52550
1288833372 52400
1288835505 52416
1288839441 52519
1288850322 52552
1288850747 52820
1288897299 52896
1288897447 52598
1288902055 52598
1288902150 52596
1288902867 52910
1288902897 52347
1288906628 52370
1288908444 52367
1288908789 52596
1288909037 52367
1288909438 52375
1288910858 52596
1288914257 52415
1288914303 52415
1288914477 52416
1288914915 52424
1288916104 52598
1288918241 52447
1288918248 52417
1288921565 52449
1288922203 52464
1288924155 52466
1288924743 52466
1288925341 52478
1288925392 52492
1288925709 52494
1288926357 52557
1288933347 52574
1288936290 52570
1288943649 52602
1288981341 52602
1288981609 52602
1288981912 52582
1288982427 52650
1288991608 52735
1288991678 52616
1288991719 52680
1288992278 52735
1288992301 52732
1288992519 52731
1289002700 52740
1289003931 52741
1289004210 52730
1289004513 52731
1289004518 52732
1289004900 52732
1289006162 52735
1289007124 52736
1289016840 52727
1289066951 52771
1289070753 52800
1289077026 52807
1289086481 52802
1289087407 52802
1289155080 52806
1289155893 52806
1289156857 50230
1289161233 50300
1289161494 50300
1289208371 50300
1289208422 50316
1289239254 50320
1289239534 50318
1289240280 50319
1289240711 50319
1289241001 50319
1289243435 50322
1289245129 50322
1289253901 50323
1289255203 50324
1289260558 50358
1289260578 50380
1289261895 50381
1289262646 50393
1289269195 50429
1289269262 50438
1289270224 50504
1289270297 50554
1289273563 50402
1289279806 50402
1289279989 50422
1289290474 50422
1289290970 57366
1289291067 50422
1289293597 57612
1289293728 57607
1289324498 50554
1289333686 50423
1289333706 50441
1289339770 50630
1289340192 50441
1289340428 50640
1289340902 50640
1289343836 50631
1289350554 57608
1289359011 57604
1289359722 57624
1289366997 57728
1289411553 57728
1289411603 57728
1289411652 57730
1289415928 57768
1289421678 57802
1289448729 57805
1289465938 57805
1289590594 57807
1289590610 57797
1289590823 57827
1289591034 57815
1289598112 57815
1289599228 57815
1289599271 57829
1289600997 57829
1289601029 57881
1289601844 57942
1289608450 57885
1289608463 57942
1289612569 57932
1289622068 57925
1289623189 57925
1289633652 57925
1289636784 57925
1289640891 57925
1289679009 57922
1289688940 57922
1289703912 57923
1289756608 57959
1289800090 57960
1289800176 57980
1289800196 57998
1289808316 58030
1289850556 58030
1289852140 58076
1289852149 58105
1289852698 58105
1289858186 58086
1289863658 58097
1289867679 58114
1289868990 58117
1289871850 58133
1289875346 58137
1289876415 58138
1289877207 58189
1289884005 58189
1289884761 58194
1289886722 58194
1289889691 58194
1289889729 58194
1289889895 58195
1289891337 58196
1289921132 58223
1289930715 58225
1289946946 58230
1289946989 58230
1289951674 58251
1289952790 58253
1289952844 58254
1289952937 58246
1289953073 58276
1289953358 58280
1289954222 58287
1289954788 58282
1289954817 58287
1289959255 58296
1289959815 58302
1289961512 58302
1289963239 58280
1289972480 54395
1289973738 54395
1289980696 54443
1289981771 54443
1289995169 54443
1290021849 54467
1290022222 54470
1290024486 54482
1290024503 54493
1290025004 54508
1290025030 54512
1290025509 54507
1290025798 54507
1290026142 54509
1290026329 54513
1290030552 54515
1290030951 54516
1290039472 54516
1290039487 54550
1290053652 54977
1290059495 54843
1290059868 54869
1290060368 54869
1290061095 54868
1290064752 56888
1290064767 56909
1290088307 56910
1290101041 56909
1290107177 56909
1290112607 56909
1290112622 56966
1290119571 72600
1290122242 57017
1290122287 67237
1290123390 67261
1290123407 67280
1290123574 67281
1290123684 67282
1290125204 67282
1290126215 67315
1290127240 67312
1290128122 67313
1290128516 67313
1290132269 67355
1290134283 67364
1290135282 72619
1290139677 67364
1290147987 72644
1290155879 72776
1290157598 72961
1290182651 67364
1290189675 72963
1290193032 67388
1290194713 67395
1290197408 72997
1290199443 73052
1290200679 67441
1290208900 73052
1290210315 67456
1290210571 67454
1290211958 67454
1290212318 67454
1290213964 67474
1290213999 72273
1290214348 72273
1290214748 72273
1290217949 72275
1290218361 72275
1290219254 72280
1290219515 73116
1290221356 73121
1290221626 72295
1290223178 73120
1290237248 72305
1290256195 72305
1290260457 72306
1290274545 72305
1290283075 73130
1290284178 72314
1290292211 73147
1290292333 73186
1290294091 73151
1290294989 73157
1290297506 73186
1290299695 73211
1290300779 72498
1290303602 73209
1290308893 72498
1290308916 72498
1290308926 72502
1290312897 72502
1290318527 72502
1290318843 73230
1290337711 72503
1290363702 72509
1290363813 73301
1290364190 72510
1290366124 72535
1290367567 72535
1290371904 72546
1290373963 73300
1290374076 72552
1290374365 72552
1290376000 72552
1290384519 73339
1290387189 73339
1290388483 73345
1290397880 73297
1290398174 73382
1290407680 73385
1290407842 73377
1290409040 73388
1290409303 73394
1290411860 73400
1290412116 73401
1290412124 73418
1290414689 73438
1290417551 73457
1290419415 73510
1290419423 73503
1290419871 73500
1290457286 73510
1290457474 73556
1290472690 73560
1290472709 73518
1290472801 77124
1290473706 77125
1290474694 77120
1290474698 77162
1290475791 77167
1290475800 77228
1290479284 77206
1290481535 77206
1290499710 77273
1290500066 77275
1290500126 78086
1290503811 78088
1290503825 78134
1290533222 78134
1290533252 78870
1290533724 78870
1290534045 78870
1290539253 78872
1290539268 78858
1290539646 78862
1290541605 78862
1290541660 78866
1290542280 78866
1290544359 78864
1290548285 78864
1290556190 78868
1290556198 78895
1290556689 78896
1290557384 78919
1290567489 78948
1290574621 78948
1290574999 78948
1290608718 78949
1290610184 78705
1290617327 78949
1290620045 78951
1290625373 78048
1290628195 79231
1290630438 78608
1290633554 78609
1290636191 78612
1290636377 78610
1290636797 78626
1290638538 78626
1290639333 78600
1290640249 78600
1290641893 78600
1290650508 78602
1290652594 78602
1290665354 78659
1290665365 78679
1290693684 78705
1290695976 78711
1290703236 78714
1290709775 78714
1290716806 78740
1290719434 79286
1290723466 79286
1290723778 79286
1290729984 79288
1290730059 79308
1290730073 79308
1290730719 79316
1290730809 79315
1290731107 79348
1290731340 79310
1290731370 79315
1290732614 79348
1290734468 79231
1290741102 79256
1290743088 79303
1290743544 79303
1290745081 79281
1290746087 79281
1290747954 79316
1290748743 79320
1290749831 79320
1290750297 79294
1290750999 79294
1290751016 79294
1290752665 79341
1290782086 79343
1290782888 79342
1290783159 79342
1290783832 79341
1290785244 79350
1290785274 79351
1290786098 79351
1290788888 79351
1290788895 80708
1290790545 80711
1290791633 80409
1290791957 80408
1290792832 80408
1290794572 80405
1290795807 81420
1290809378 80491
1290809771 80488
1290810212 80491
1290814612 80515
1290815554 80518
1290816177 80515
1290816642 80519
1290816656 80527
1290817721 80761
1290818266 80527
1290818329 80527
1290819132 80723
1290822692 80726
1290823990 80779
1290824062 80753
1290824999 80753
1290827793 80764
1290837647 80797
1290837940 80794
1290839757 80794
1290850624 80794
1290858817 80794
1290862962 80794
1290863609 80795
1290876192 80861
1290885135 80873
1290887691 80875
1290891965 80874
1290892632 80872
1290892881 80875
1290895655 80877
1290896729 80876
1290896877 80875
1290897787 80880
1290899071 80875
1290899147 80875
1290911247 80968
1290911592 80967
1290912367 80996
1290914475 80996
1290915140 80996
1290917181 81024
1290917562 81023
1290919573 81028
1290921833 81033
1290922153 81035
1290922551 81038
1290922588 81041
1290922750 81050
1290923720 81060
1290925865 81057
1290929425 81066
1290954797 81151
1290961891 81152
1290971899 81152
1290972027 81196
1290972327 81152
1290972820 81155
1290988274 81262
1290991523 81266
1290993350 81266
1290993375 81253
1290993382 81252
1291057074 81263
1291061441 81263
1291067743 81266
1291067761 81313
1291068196 81335
1291069431 81329
1291071038 81330
1291072621 81312
1291073477 81317
1291074430 81310
1291075225 81326
1291077247 81328
1291079821 81328
1291081448 81568
1291082856 81568
1291089440 81317
1291101769 81312
1291102863 81335
1291145446 81534
1291145599 81338
1291146188 81407
1291147109 81359
1291148623 81388
1291148756 81388
1291149036 81388
1291150913 81388
1291151450 81405
1291151965 81405
1291152439 81405
1291152557 81533
1291154115 81537
1291160132 81538
1291160667 81533
1291160975 81580
1291161097 81531
1291161545 81580
1291162985 81630
1291231202 81701
1291231296 81998
1291232121 82008
1291232611 81640
1291233566 81513
1291234581 81641
1291235384 81657
1291236609 81670
1291239540 81474
1291239816 81653
1291241778 81654
1291241842 81490
1291243264 81410
1291245818 81510
1291246729 81424
1291246735 81374
1291249053 81381
1291249093 81423
1291251072 81764
1291255781 81438
1291256986 81784
1291257857 81784
1291271344 81438
1291271359 81398
1291271364 81398
1291271367 81395
1291271372 81358
1291272560 81361
1291272838 81409
1291273737 81409
1291299706 81498
1291312220 81636
1291312267 81484
1291312645 81794
1291314793 81776
1291315212 81776
1291316710 81652
1291317191 81748
1291318644 81804
1291319474 81805
1291320201 81484
1291322083 81826
1291324715 81826
1291330535 81663
1291331934 81828
1291331978 81486
1291332206 81487
1291334957 81487
1291340206 81478
1291344141 81485
1291344422 81663
1291345353 81664
1291347725 82034
1291347772 82035
1291360770 82022
1291366673 82021
1291375248 82021
1291387774 82021
1291388677 82021
1291390408 82021
1291404004 82686
1291404882 82059
1291404915 82050
1291405178 82050
1291405322 82688
1291413467 82073
1291413492 82022
1291417412 82023
1291420107 82031
1291420304 81882
1291433634 81881
1291433652 81881
1291438181 81886
1291444876 81880
1291445917 81881
1291452899 82216
1291452908 82229
1291477799 82229
1291492714 82230
1291493149 82217
1291493528 82217
1291497370 82223
1291497970 82223
1291499679 82224
1291501556 82240
1291507415 82242
1291507434 82251
1291508024 82253
1291519034 82253
1291519110 82338
1291519266 82338
1291519688 82338
1291520038 82341
1291520054 82410
1291520267 82449
1291528419 99650
1291528675 82488
1291532747 82498
1291532818 82505
1291532852 82524
1291533168 99727
1291533322 82529
1291534317 82563
1291534711 82531
1291536937 82567
1291537246 82556
1291537382 82600
1291538688 82609
1291539165 82609
1291541178 82609
1291541467 82619
1291542816 82620
1291543383 82620
1291543709 82619
1291555440 82684
1291578498 82688
1291581965 82687
1291588620 82688
1291588663 82749
1291598517 82749
1291601214 82749
1291637497 82753
1291639088 82753
1291643372 82749
1291645222 82750
1291645921 82750
1291655929 82750
1291661764 82750
1291666912 82750
1291671354 82804
1291671912 82812
1291672600 82813
1291679277 82873
1291679806 82873
1291680182 82871
1291684761 82907
1291686044 99779
1291708756 82915
1291708834 82909
1291710052 82910
1291732239 82910
1291742863 82935
1291745185 82961
1291745450 82961
1291753935 83409
1291756826 83266
1291757882 83268
1291758027 83268
1291773915 99791
1291777773 99800
1291786229 83269
1291794007 83269
1291796864 83459
1291820720 83274
1291832473 83274
1291833374 83282
1291842673 83281
1291844697 83281
1291845496 83281
1291845930 83283
1291846900 83284
1291847693 83278
1291849781 83278
1291856004 83335
1291856799 83334
1291861410 83340
1291863542 83361
1291864028 83367
1291869616 83430
1291920512 83343
1291924282 83373
1291928524 83444
1291930862 83451
1291930931 83443
1291931603 83444
1291931813 83447
1291931863 83446
1291934227 83449
1291935394 83455
1291935486 83452
1291937107 83477
1291938794 83456
1291940189 83479
1291941331 83456
1291941730 83339
1291942318 83460
1291943840 83509
1291950243 83453
1291950696 83366
1291950757 83509
1291951624 83517
1291953656 83514
1291955085 83514
1291955100 83547
1291955438 83548
1291955559 83548
1292003869 83548
1292003883 83760
1292004729 83766
1292010430 83807
1292010440 83804
1292010736 83835
1292011869 83835
1292014149 83835
1292033108 83857
1292033424 83862
1292034531 83888
1292098765 83885
1292099553 83887
1292099564 83884
1292113717 83888
1292130355 83888
1292130370 83902
1292130555 83902
1292134187 83925
1292134578 83924
1292134640 83927
1292135345 83927
1292135618 83927
1292135908 83937
1292136553 83938
1292143471 83950
1292143830 83949
1292146914 83951
1292165751 83953
1292170291 84205
1292187431 84210
1292190181 84210
1292220483 84212
1292221314 84227
1292246577 84233
1292249460 84354
1292249956 84533
1292250870 84533
1292253605 84533
1292255840 84533
1292264344 84533
1292273528 84458
1292273543 84458
1292277731 84459
1292277740 84459
1292279301 84459
1292279927 84511
1292284201 84515
1292284715 84611
1292287076 84608
1292288717 84609
1292289416 84594
1292289859 84614
1292291607 84619
1292293310 84619
1292294040 84671
1292294754 84618
1292295060 84701
1292355006 84640
1292355806 84640
1292357475 84640
1292359128 84642
1292362204 84642
1292372641 84719
1292372665 84719
1292375333 84713
1292376787 84720
1292376974 84808
1292381110 84858
1292381141 84808
1292382695 84808
1292383638 84811
1292385022 84811
1292389102 84813
1292392458 84813
1292436937 84817
1292438887 84805
1292443897 84867
1292443907 84859
1292444872 84860
1292444889 85080
1292445182 85083
1292447686 85093
1292451307 85098
1292453050 85094
1292453275 85117
1292463081 85222
1292463826 85236
1292465109 85229
1292465154 85346
1292469326 85348
1292476610 85348
1292496706 85348
1292498186 85358
1292510628 85358
1292515940 85358
1292517905 85358
1292523316 85357
1292523399 85359
1292525364 85359
1292526257 85359
1292526969 85359
1292527437 85359
1292528236 85359
1292528817 85359
1292528912 85434
1292529244 85434
1292531131 85442
1292537395 85441
1292539146 85501
1292539641 85492
1292541746 85494
1292543385 85495
1292546233 85506
1292546899 85539
1292548498 85539
1292549001 85603
1292549046 85529
1292549189 85530
1292550900 85592
1292550943 85603
1292551619 85591
1292552428 85594
1292552878 85596
1292553733 85598
1292554832 85601
1292612758 85601
1292613173 85612
1292614653 85601
1292615288 85602
1292615572 85603
1292615837 85606
1292617511 85629
1292625002 85612
1292642937 93638
1292642957 85692
1292642966 85700
1292643680 85700
1292645930 85700
1292646169 93712
1292664330 93724
1292664795 85726
1292667000 85727
1292680337 85732
1292681928 85727
1292684869 86012
1292714165 86012
1292714576 86012
1292726685 86013
1292726755 86129
1292732596 86156
1292735799 86175
1292790452 86233
1292793101 86251
1292795866 86255
1292823669 86253
1292827601 93726
1292834108 86102
1292880185 86151
1292882386 86110
1292883761 86104
1292892836 86011
1292899747 85997
1292904758 85997
1292904807 85998
1292975175 85815
1292980492 85834
1292986768 85814
1293056145 85822
1293064661 85839
1293082485 85874
1293085444 85889
1293137809 85896
1293174244 85908
1293179017 85911
1293179496 85909
1293213491 85905
1293228775 85923
1293232644 85923
1293409817 88649
1293413107 88648
1293424401 88657
1293424648 88652
1293425535 88651
1293426348 88661
1293517421 88656
1293517438 88641
1293565106 88647
1293595438 88648
1293595474 88649
1293598696 88648
1293599334 88650
1293603807 88665
1293605813 88665
1293650290 88666
1293650902 88661
1293675313 88709
1294167502 88858
1294169051 88888
1294170482 88894
1294171165 88898
1294179940 88919
1294198815 88952
1294200731 88967
1294201690 88988
1294204108 88985
1294209812 89134
1294210459 89135
1294257096 89136
1294270804 89415
1294274416 89525
1294274944 91006
1294275802 91007
1294277111 91062
1294277880 91115
1294300462 91179
1294338705 91179
1294345242 89806
1294352165 89864
1294353038 89918
1294353479 89971
1294354722 89996
1294355792 90000
1294357354 90010
1294359798 90075
1294362077 90168
1294363568 90170
1294364678 90175
1294426147 90197
1294426606 90206
1294435550 90326
1294440890 90325
1294442085 90390
1294442344 90391
1294445348 90452
1294446532 90497
1294448319 90545
1294535889 90552
1294568735 90596
1294688044 90669
1294689094 90668
1294691113 90733
1294694525 90746
1294702913 90846
1294703759 90874
1294706208 90903
1294707435 90905
1294708036 90911
1294709437 90924
1294713052 90921
1294713754 90924
1294713902 90924
1294714092 90926
1294720827 90952
1294772121 90953
1294776297 90963
1294796205 93743
1294862654 93745
1294877000 90995
1294960422 91003
1294964231 91010
1294966269 91022
1294967035 91022
1294967743 91022
1294967766 91010
1294971344 91024
1294973312 91075
1294975784 91076
1294977541 91086
1295030881 91061
1295031242 91065
1295049610 92797
1295051741 92797
1295130025 92797
1295130495 92788
1295132445 92788
1295133814 92790
1295149141 92796
1295154183 92797
1295293275 93606
1295294344 93747
1295295698 93615
1295297716 93748
1295298746 93616
1295298756 93748
1295300282 93753
1295300932 93615
1295302041 93615
1295302397 93623
1295302657 93620
1295303013 93623
1295303457 93623
1295303886 93630
1295304275 93630
1295304379 93630
1295304990 93631
1295306715 93631
1295306858 93631
1295308117 93764
1295309828 93754
1295311599 93753
1295316195 93755
1295316261 93769
1295317374 93787
1295318010 93725
1295320897 93740
1295322014 93740
1295322169 93740
1295323490 93740
1295323730 93740
1295324519 94272
1295376375 93742
1295376639 93742
1295377269 93734
1295386176 94274
1295396474 93574
1295396523 93574
1295397511 93425
1295398654 93444
1295398684 93439
1295399214 93438
1295399223 93438
1295400168 93439
1295400183 93409
1295417518 93408
1295417531 93407
1295419154 93409
1295419624 93409
1295424971 93446
1295425156 93456
1295467746 93456
1295469703 93456
1295472612 93469
1295472685 93469
1295475042 93470
1295475582 93468
1295476234 93469
1295476255 93493
1295481886 93493
1295481894 93472
1295481929 93472
1295482004 93472
1295482039 93480
1295482620 93480
1295485049 93490
1295485420 93507
1295485878 93486
1295489195 93503
1295490040 93503
1295491545 93528
1295493166 93528
1295507214 93596
1295508852 93586
1295533154 93586
1295547236 93677
1295547577 93594
1295548107 93594
1295548485 93746
1295552711 93799
1295553925 93601
1295554716 93606
1295556501 93878
1295556508 93609
1295564559 93591
1295564566 93592
1295564597 93591
1295565755 93591
1295567497 94046
1295567963 93591
1295570701 93595
1295577528 93600
1295578640 93600
1295581714 94109
1295592944 93614
1295601029 94146
1295601394 93622
1295622707 93654
1295633890 94109
1295634517 94134
1295635853 94144
1295636955 94146
1295637340 94134
1295641145 94295
1295643608 94138
1295650991 94145
1295661762 94158
1295662174 94160
1295676201 94152
1295678393 94151
1295678724 94552
1295680612 94151
1295721620 94151
1295721636 94212
1295731831 94212
1295732690 94271
1295735205 94261
1295740591 94260
1295740770 94259
1295750935 94257
1295755499 94256
1295761208 94330
1295761428 94322
1295770368 94564
1295773203 94482
1295809568 94329
1295815329 94329
1295815572 94328
1295836091 94654
1295840470 94669
1295842390 94482
1295842696 94688
1295847156 94685
1295848071 94685
1295848397 94358
1295858424 94365
1295860459 94365
1295900318 94378
1295900424 94801
1295900485 94517
1295901390 94806
1295901930 94806
1295910818 94917
1295918631 94942
1295919397 94954
1295920900 94969
1295920994 94969
1295922076 94978
1295923842 95014
1295923995 95010
1295924956 95013
1295925203 95020
1295937597 95005
1295939507 94153
1295978865 94153
1295978955 94154
1295981231 94155
1295984615 94398
1295986224 94169
1295987277 94173
1295987537 94406
1295992182 94412
1295993222 94179
1295994075 94179
1295996723 94424
1295997834 94433
1296002796 94299
1296003037 94472
1296003906 94298
1296005909 94300
1296006658 94494
1296008634 94318
1296008727 94318
1296009099 94507
1296013346 96371
1296015702 95984
1296016312 95969
1296066788 94318
1296067826 94308
1296068750 94308
1296068967 94568
1296069686 94591
1296069974 94313
1296071534 94297
1296072960 94593
1296073103 95430
1296074610 94597
1296077621 95406
1296078073 94605
1296079506 95420
1296080524 94614
1296081353 95432
1296083086 94626
1296086517 94639
1296088294 94666
1296088371 94675
1296089583 94693
1296090054 94693
1296092444 94705
1296093049 94713
1296093942 94713
1296094137 94717
1296094457 94719
1296094920 94879
1296095949 94796
1296096148 94790
1296096257 94790
1296096602 94783
1296108377 94517
1296113911 94837
1296144279 95292
1296144807 95293
1296148825 95294
1296149150 95294
1296149243 95294
1296149358 95298
1296149931 95298
1296150362 95323
1296151614 95323
1296152523 95323
1296152551 95357
1296153343 95357
1296154678 95357
1296158643 95363
1296158652 95410
1296163005 95967
1296164220 95441
1296164458 95448
1296164666 95449
1296165233 95452
1296165539 95456
1296166670 95455
1296183614 96013
1296242768 95455
1296243764 95471
1296243776 95469
1296244902 95470
1296245064 95464
1296245847 95465
1296247770 95465
1296251158 95471
1296251193 95481
1296256662 95473
1296260130 95486
1296260794 95491
1296261304 95503
1296261635 95502
1296262470 95505
1296263600 95506
1296264123 95508
1296264842 95509
1296265181 95510
1296265272 95514
1296265815 95521
1296278474 95523
1296310030 95939
1296311906 95935
1296328954 95950
1296332790 96010
1296333779 95962
1296338068 96012
1296338379 96012
1296338524 96013
1296338832 96017
1296338959 96017
1296340810 96027
1296340888 96027
1296341103 96034
1296409397 96035
1296409411 96275
1296424888 96285
1296451990 96492
1296453158 96256
1296453230 96257
1296453632 96184
1296463706 96184
1296480790 96211
1296499716 96211
1296502493 96482
1296504726 96472
1296508530 96214
1296508984 96211
1296513675 96352
1296514664 96474
1296515341 96363
1296516073 96477
1296516380 96380
1296517621 96474
1296527492 96559
1296538865 96492
1296538883 96474
1296539105 96450
1296539406 96450
1296542411 96456
1296572168 96505
1296576115 96516
1296583790 96516
1296591012 96630
1296591109 97560
1296593728 97561
1296596626 97559
1296596728 97447
1296599714 97450
1296601623 97406
1296610328 97486
1296611776 97484
1296612662 97484
1296612828 97552
1296625525 97551
1296627232 97568
1296628027 97569
1296660192 97596
1296662210 97597
1296665697 97583
1296665756 97584
1296669140 97586
1296674039 97586
1296674076 97587
1296674951 97587
1296676320 97585
1296676599 97586
1296677687 97586
1296685327 97563
1296685340 97577
1296685601 97652
1296687295 97654
1296688159 97656
1296688371 97656
1296689515 97657
1296689599 97657
1296693372 97672
1296694591 94509
1296699183 97680
1296699893 97666
1296701385 97678
1296743759 97705
1296761282 95092
1296761414 97746
1296762093 97750
1296762936 97746
1296766392 97761
1296767232 97763
1296771058 97765
1296773224 97817
1296774654 97765
1296775319 97765
1296778551 97765
1296778587 97767
1296780763 94421
1296781437 94450
1296786982 97778
1296787002 97792
1296787129 97777
1296789286 94582
1296794498 94280
1296843099 94357
1296847267 94615
1296854502 94356
1296857384 94711
1296866756 94499
1296869181 94804
1296946063 94422
1296948260 94451
1296950168 94451
1296953594 94451
1296965987 94469
1297004646 94469
1297013184 94471
1297062544 94434
1297064521 94432
1297064962 94432
1297103302 94803
1297124286 94475
1297133208 94909
1297173972 94368
1297178816 94372
1297194920 95004
1297195198 95004
1297202845 94408
1297205567 94414
1297205675 95049
1297208652 94421
1297208938 95100
1297209900 95106
1297214077 94463
1297215581 94486
1297219773 94506
1297219983 94506
1297221347 95124
1297267547 94443
1297276625 94445
1297282994 95127
1297287222 94462
1297289541 95202
1297291531 94462
1297291572 94468
1297292568 95216
1297292845 94469
1297295488 95217
1297295957 94461
1297296302 94470
1297298043 95220
1297300965 95240
1297302141 95246
1297302156 95247
1297302422 95277
1297303467 95277
1297307196 95614
1297307209 95358
1297310813 95692
1297319953 95692
1297348903 95872
1297362990 95538
1297364712 95536
1297364954 95534
1297367520 95542
1297369407 95715
1297370294 95717
1297374151 95717
1297375022 95717
1297375356 95717
1297375965 95717
1297377803 95717
1297381859 95717
1297381882 95724
1297382546 95724
1297385947 95724
1297388660 96011
1297389046 95726
1297394581 95749
1297394656 95775
1297395785 95775
1297396221 95775
1297396530 95775
1297441207 95935
1297449080 95934
1297451523 95956
1297451581 95956
1297452212 95956
1297452690 95959
1297453528 95956
1297454934 95958
1297455539 95943
1297457539 96011
1297457872 95965
1297459016 96034
1297459234 95965
1297462652 96034
1297464191 96034
1297465307 96036
1297467207 96036
1297468502 95965
1297470548 95970
1297470565 95970
1297473228 95970
1297474266 95973
1297474581 95974
1297475249 95992
1297475677 95993
1297476007 96113
1297476023 95993
1297476228 95993
1297476781 96003
1297478846 96044
1297480819 96054
1297496388 96055
1297496570 96055
1297518073 96149
1297528512 96159
1297530416 96161
1297541266 96161
1297541286 96165
1297542674 96175
1297542711 96175
1297546598 96182
1297551455 96182
1297554170 96184
1297554290 96187
1297555773 96196
1297576075 96200
1297579290 96214
1297579449 96214
1297585054 96213
1297594580 96214
1297594923 96310
1297599538 96312
1297600566 98045
1297621744 98045
1297627712 98045
1297638244 98202
1297638545 98106
1297638867 98132
1297701973 98202
1297716638 98202
1297716654 98202
1297718692 98206
1297749543 98206
1297771739 98272
1297773825 98272
1297778556 98273
1297808228 98327
1297818769 98732
1297819196 98326
1297825295 98753
1297831386 98331
1297839886 98331
1297867343 98366
1297878105 98403
1297891839 98740
1297892418 98406
1297899642 98726
1297905284 98772
1297914179 98374
1297917865 98380
1297918175 98390
1297920933 98391
1297952609 98391
1297953282 98400
1297954013 98461
1297956027 98461
1297965132 98462
1297971355 98772
1297974435 98464
1297976317 98475
1297976594 98800
1297978745 98798
1297990352 98784
1297990610 98783
1297990982 98845
1297992604 98848
1297992638 98475
1297994459 98530
1297995335 98853
1297998102 98850
1298032584 98849
1298037023 98857
1298037172 98863
1298045540 98856
1298046071 98856
1298053941 98865
1298057724 98955
1298059084 98955
1298061509 98955
1298063732 98992
1298073664 99005
1298074042 99006
1298075866 99014
1298078641 99017
1298079887 99017
1298089503 99018
1298111968 99019
1298113207 99438
1298117118 99441
1298117841 99442
1298119745 99442
1298122065 99447
1298122897 99451
1298123011 99451
1298123280 99452
1298131586 99457
1298134531 99457
1298140285 99796
1298146537 99464
1298178810 99474
1298180677 99474
1298182642 99471
1298182665 99491
1298183710 99493
1298187034 99494
1298190951 99491
1298192893 99494
1298193448 99494
1298195230 99495
1298195646 99495
1298203230 99495
1298203413 99495
1298204075 99495
1298205262 99495
1298206554 99496
1298208924 99493
1298224813 99496
1298241651 99496
1298242563 99515
1298255694 99414
1298259037 99808
1298261140 99518
1298298752 99518
1298301144 99549
1298304791 99537
1298323239 99537
1298325248 99531
1298347614 99523
1298352338 99511
1298379098 99562
1298379563 99542
1298387251 99562
1298387526 99562
1298401981 99414
1298402585 99414
1298403665 99563
1298404750 99409
1298418190 99411
1298429500 99430
1298434414 99821
1298437208 99435
1298438397 99451
1298438510 99446
1298440868 99452
1298440978 99450
1298442108 99455
1298443103 99455
1298491232 99807
1298491242 99454
1298494991 99457
1298497671 99823
1298500983 99825
1298504014 99609
1298504058 99616
1298504340 99647
1298505309 99805
1298505550 99805
1298561045 99805
1298561143 99805
1298572566 99805
1298574805 99806
1298581917 99823
1298591557 99828
1298591567 99828
1298591609 99912
1298592096 99828
1298596171 99945
1298597394 99940
1298598601 99941
1298609165 99933
1298640722 99938
1298645914 99972
1298663475 102641
1298664955 99972
1298665102 102471
1298665418 102471
1298668194 102641
1298669890 102641
1298673981 102661
1298674093 102664
1298674447 102665
1298674581 102665
1298676484 102664
1298681763 102665
1298723830 102686
1298726632 102686
1298727114 102697
1298729794 102695
1298764756 102700
1298764930 102702
1298790235 102702
1298790283 102710
1298917482 102935
1298921044 102724
1298927715 102755
1298935106 102827
1298935872 102855
1298939049 102890
1298939267 102890
1298940003 102890
1298942560 102891
1298996915 102890
1299001120 102895
1299003623 102940
1299006238 102953
1299008310 102953
1299027252 102586
1299031962 102598
1299044488 102598
1299044629 102602
1299047105 102601
1299092716 102610
1299095233 102617
1299096628 102613
1299101646 102613
1299101669 102606
1299102331 102640
1299179435 102652
1299181396 102679
1299183449 102679
1299184296 102679
1299200357 102688
1299201800 102683
1299263410 102682
1299434308 102682
1299435517 102713
1299467757 106963
1299469281 107056
1299476163 102775
1299520174 102784
1299521930 102784
1299522474 102784
1299522751 102786
1299529246 102788
1299595098 102788
1299606217 102796
1299613502 102796
1299648221 104853
1299651094 104853
1299654724 104853
1299681226 104854
1299682156 104854
1299682432 106527
1299683564 106527
1299691821 106533
1299697426 106534
1299700097 106574
1299700807 106682
1299701723 106683
1299701847 106684
1299707650 106795
1299708408 106820
1299709789 106820
1299713288 106823
1299713307 106823
1299716249 106823
1299716268 106823
1299719061 106777
1299719248 106839
1299719311 106810
1299720827 106810
1299720921 106778
1299721693 106764
1299722309 106765
1299722337 106796
1299722634 106796
1299723141 106796
1299725649 106803
1299726669 106809
1299741876 108706
1299764733 106810
1299766676 106812
1299767389 106812
1299767484 106814
1299768643 106919
1299788254 106920
1299789014 106946
1299790488 106946
1299791025 106946
1299791172 106962
1299792159 107056
1299796847 107108
1299799061 107114
1299799594 107121
1299799694 107124
1299801668 107124
1299803215 107142
1299803348 107143
1299804054 107144
1299804884 107262
1299805924 107261
1299805936 107150
1299808600 107297
1299809136 107293
1299811018 107342
1299812003 107343
1299813405 107343
1299813417 107342
1299814944 107343
1299814957 107344
1299815952 107381
1299816832 107381
1299817892 107628
1299819717 107598
1299819771 107597
1299819994 107597
1299820266 107597
1299821615 107603
1299822869 107607
1299827450 107607
1299828800 107607
1299829942 107607
1299830461 107607
1299831168 107607
1299831377 107607
1299854202 107605
1299854485 107606
1299856762 107606
1299860894 107746
1299867063 107746
1299867138 107746
1299867317 107746
1299879668 107749
1299880969 107749
1299882169 107796
1299882967 107795
1299883930 107795
1299884185 107795
1299884266 107795
1299884341 107795
1299884415 107795
1299885612 107793
1299886888 107777
1299887624 107777
1299888451 107808
1299888478 107935
1299889807 107935
1299890233 107941
1299891691 107972
1299892596 107958
1299894235 107958
1299930937 108672
1299931320 108672
1299931420 108714
1300018752 110177
1300018820 110179
1300047403 110176
1300047687 110213
1300066821 109601
1300072133 110209
1300074887 110224
1300077179 110208
1300086787 109426
1300104447 110208
1300120734 108189
1300121466 110191
1300124136 110193
1300124625 110191
1300125495 108189
1300126979 108189
1300127570 110215
1300128506 108189
1300130483 108186
1300131425 108186
1300146487 108190
1300151391 108207
1300152003 108208
1300153420 108356
1300197615 108208
1300200762 108209
1300201425 108283
1300202747 108283
1300204924 108283
1300207708 108284
1300210527 108284
1300213628 108380
1300220459 108443
1300221493 108442
1300222695 108444
1300226399 108446
1300226600 108446
1300227223 108453
1300227602 108455
1300229770 109436
1300230762 109523
1300230789 108392
1300231337 108392
1300234163 109440
1300234203 109557
1300236583 108392
1300237196 109569
1300238416 108425
1300239387 108425
1300241335 109579
1300252220 108468
1300252771 108468
1300286456 108468
1300288311 108468
1300321639 108716
1300322769 108731
1300323205 108736
1300324229 108735
1300328424 108746
1300344281 109579
1300345209 109582
1300363477 108806
1300365853 108820
1300365902 108820
1300367785 108820
1300368674 108820
1300368893 108820
1300369450 108820
1300372934 108817
1300373127 109352
1300373832 109357
1300377542 109357
1300383303 109581
1300384131 109578
1300384211 109357
1300385593 109378
1300386384 109382
1300388053 109388
1300390620 109448
1300391468 109389
1300391729 109487
1300392421 109559
1300392827 109487
1300394490 109487
1300394948 109561
1300396353 109572
1300396568 109568
1300397490 109414
1300400352 109411
1300400417 109412
1300401066 109414
1300401605 109414
1300402207 109414
1300402243 109414
1300402279 109414
1300403641 109414
1300404479 109418
1300404493 109418
1300406065 109454
1300408976 109454
1300410333 109481
1300411834 109492
1300411863 109493
1300414589 109504
1300414829 110970
1300423691 109523
1300426998 109525
1300451936 109525
1300453278 109620
1300481294 111001
1300485147 109630
1300487635 111033
1300497124 109632
1300497357 109632
1300499104 111082
1300499513 109647
1300500024 109649
1300507059 109631
1300507543 109648
1300539851 109647
1300540035 109647
1300540532 109681
1300540537 109686
1300540866 109687
1300542364 109687
1300566327 109674
1300567799 109676
1300569571 109676
1300575553 109678
1300575596 109662
1300583977 109678
1300585955 109701
1300593235 109772
1300594363 109772
1300597691 109773
1300599058 109779
1300599561 109762
1300601420 109754
1300619085 110188
1300622325 110188
1300642542 110188
1300643609 110817
1300658456 110823
1300718845 111082
1300727403 110823
1300732852 110823
1300734080 111085
1300735701 111087
1300739833 110860
1300739848 110880
1300740530 111087
1300743061 110880
1300744592 111086
1300746214 111066
1300748417 111121
1300748494 111079
1300749807 111079
1300752774 111120
1300758156 111108
1300775416 111556
1300798064 111109
1300814491 111109
1300816426 111112
1300818449 111113
1300818481 111125
1300820340 111125
1300820539 111058
1300821290 111058
1300821983 111070
1300822368 111069
1300822462 111062
1300822844 111070
1300825018 111115
1300826672 111116
1300830336 111118
1300830488 111121
1300837986 111123
1300853013 111096
1300853023 111122
1300853684 111621
1300854653 111627
1300855266 111627
1300900615 111125
1300901145 111129
1300901374 111130
1300901900 111126
1300902059 111134
1300902147 111131
1300903388 111130
1300905753 111130
1300905850 111132
1300906575 111154
1300906690 111157
1300906833 111153
1300909299 111152
1300909317 111152
1300914834 111156
1300915405 111156
1300916323 111712
1300921006 111186
1300922652 111184
1300923359 111184
1300924351 111201
1300925779 111195
1300928118 111195
1300929763 111205
1300939189 111852
1300945180 112004
1300986356 111386
1301066109 111386
1301073360 111388
1301075171 112073
1301076938 112086
1301079677 111852
1301083980 111388
1301083982 111392
1301084690 111843
1301089950 111853
1301092283 111853
1301094542 112174
1301099264 112178
1301099955 112178
1301155885 112206
1301157718 112206
1301158633 112213
1301160016 112149
1301160527 112213
1301161411 112214
1301162298 112214
1301162524 112216
1301172460 112216
1301180735 112210
1301181794 112210
1301182834 112243
1301225376 112237
1301235098 112237
1301239355 112245
1301239577 112245
1301244601 112245
1301247998 112245
1301248024 112251
1301248568 112260
1301252910 112261
1301253153 112261
1301256276 112258
1301259153 112258
1301263747 112258
1301268760 112258
1301275931 112246
1301275945 112246
1301277163 112260
1301278765 112260
1301327647 112260
1301328261 112260
1301331663 112266
1301336523 112266
1301349556 112258
1301357754 112890
1301359182 112506
1301361084 112305
1301362492 112312
1301363050 112511
1301365970 112515
1301367426 112330
1301368149 112330
1301405997 112332
1301421140 112515
1301421371 112336
1301422004 112335
1301423658 112520
1301423660 112335
1301427715 112540
1301428409 112446
1301428417 112444
1301429687 112191
1301429829 112192
1301430303 112444
1301430838 112545
1301432101 112191
1301432114 112446
1301433127 112191
1301433487 112193
1301441120 112546
1301441400 112547
1301441576 112548
1301442828 112542
1301443749 112548
1301444608 112556
1301444735 112556
1301445002 112557
1301448617 112559
1301450100 112558
1301450451 112558
1301451631 112558
1301452537 112595
1301452844 112558
1301454196 112559
1301455039 112560
1301492486 112560
1301494531 112560
1301496710 112564
1301497635 112561
1301506780 112557
1301506907 112562
1301507065 112562
1301507708 112608
1301507742 112573
1301508113 112573
1301508194 112608
1301508581 112574
1301509596 112602
1301509876 112608
1301509930 112614
1301511261 112639
1301511814 112639
1301514224 112650
1301514322 112660
1301514610 112660
1301516186 112660
1301516666 112661
1301517602 112669
1301517889 112737
1301517893 112748
1301520429 112745
1301520515 112757
1301521417 112757
1301521637 112745
1301522013 112744
1301523223 112748
1301524990 112748
1301525012 112742
1301525267 112742
1301526758 112777
1301527137 112804
1301527333 112745
1301528401 112745
1301528549 112972
1301529721 112977
1301530636 112978
1301531948 113011
1301532705 113129
1301534816 113016
1301536770 113117
1301537858 113129
1301560188 113124
1301560202 113091
1301561766 113090
1301590740 113090
1301599877 113243
1301615391 113243
1301617434 113254
1301620791 118377
1301621539 118375
1301621721 118375
1301635528 118378
1301639918 118352
1301640749 118351
1301645881 118382
1301681561 118382
1301682168 118382
1301682356 118384
1301745676 118384
1301746726 118384
1301748170 118384
1301749781 118384
1301750131 118643
1301750145 118652
1301752391 118652
1301752914 118652
1301752971 118652
1301757596 118648
1301758523 118648
1301759088 118651
1301771621 118652
1301781821 118669
1301798025 119468
1301829429 118670
1301835220 118689
1301838144 118689
1301848594 118691
1301896353 122924
1301901322 118691
1301936993 118691
1301939930 118691
1301940671 118691
1301942998 119474
1301943001 119475
1301943079 119476
1301943376 119444
1301947575 119468
1301952757 119468
1301957290 119468
1302017933 119468
1302019928 119468
1302022170 119475
1302024948 119479
1302025138 119479
1302028832 119495
1302029409 119495
1302030725 119483
1302035163 119528
1302035174 119528
1302037142 119485
1302040616 119486
1302045484 119462
1302056920 119442
1302089516 119442
1302092313 119449
1302098572 119450
1302099961 119450
1302112316 119463
1302117109 119487
1302118145 119490
1302118400 119492
1302120392 119492
1302123615 119490
1302125550 119496
1302126244 119495
1302137145 119509
1302201518 119510
1302205647 119510
1302209034 119510
1302210332 119518
1302213604 119533
1302213645 119537
1302214417 119540
1302214923 119540
1302219374 119553
1302220858 119594
1302223503 119596
1302223972 119600
1302224046 119614
1302225553 119622
1302225804 119625
1302226229 119626
1302277259 119627
1302277605 119628
1302283672 119647
1302284199 119657
1302286196 119648
1302292768 119648
1302302550 119582
1302304217 119585
1302312234 119620
1302354574 119634
1302367240 119634
1302373287 119634
1302387919 119634
1302467154 119634
1302534516 119635
1302541276 119640
1302543871 119642
1302544049 119642
1302551521 120110
1302553401 120111
1302557880 120131
1302618299 120131
1302627633 120131
1302634121 120227
1302634211 120227
1302636269 120226
1302642418 120226
1302650502 120227
1302653702 120229
1302703428 120228
1302715710 120239
1302716711 120240
1302716791 120241
1302730520 120260
1302733157 120258
1302735310 120268
1302743606 120270
1302877139 120273
1302889341 120316
1302906679 120326
1302906694 120334
1302908352 121048
1302909278 121051
1302910188 121082
1302911371 121079
1303333372 121503
1303333438 121576
1303334213 121568
1303337474 121571
1303343247 121571
1303415311 121567
1303415389 121600
1303423997 121599
1303495298 121599
1303514295 121662
1303514307 121661
1303520574 121660
1303522401 121645
1303522515 121645
1303558194 122392
1303558742 121742
1303652430 121744
1303652709 121744
1303688884 122539
1303689634 122540
1303740140 122540
1303740196 122540
1303757665 122542
1303759478 122548
1303773333 122578
1303864122 122632
1303867572 122641
1303871839 122647
1303871953 122647
1303873310 122774
1303874099 122766
1303930858 124088
1303939376 122719
1303939748 122726
1303940070 122742
1303941023 122752
1303941986 122752
1303942040 122752
1304008708 122765
1304012313 122774
1304013310 122774
1304016754 122964
1304017559 122964
1304018475 122774
1304018635 122964
1304018750 122774
1304112921 122797
1304114913 122797
1304117795 122798
1304131497 122797
1304132007 122797
1304135845 122797
1304136039 122794
1304137177 122795
1304164262 122923
1304171497 122923
1304173719 122923
1304175652 122924
1304285292 122964
1304368537 122964
1304369986 122964
1304370509 122973
1304375322 122975
1304377137 122975
1304381538 122974
1304383725 122974
1304385510 122976
1304437322 123000
1304443970 123000
1304444997 123001
1304445728 123001
1304446767 123001
1304447974 123002
1304456912 123036
1304457193 122976
1304459059 122976
1304459689 122975
1304515722 122978
1304516669 123711
1304516822 123713
1304518544 123713
1304524402 123715
1304534552 123718
1304546557 123719
1304574377 123721
1304612058 123745
1304612338 123746
1304614060 123776
1304619720 123803
1304624323 123776
1304707087 124089
1304713843 123775
1304719966 123817
1304720973 123807
1304721564 123807
1304722761 124064
1304743207 123847
1304764720 123927
1304771332 123943
1304790895 123943
1304800190 123940
1304804170 123953
1304808853 123956
1304809209 123953
1304809216 123954
1304854915 123967
1304856063 123967
1304869989 123967
1304886017 124010
1304891071 124007
1304906486 123984
1304911873 123985
1304912165 124154
1304912435 123988
1304941228 124064
1304981105 124028
1304981724 124032
1304983464 124032
1304997342 124154
1305047285 124036
1305051772 124039
1305087576 124081
1305107511 124039
1305126287 124039
1305147026 124153
1305153219 124154
1305155244 124172
1305155639 124172
1305158525 124177
1305165239 124192
1305175392 124192
1305191132 124193
1305196334 124193
1305219105 124228
1305233695 124238
1305315326 124281
1305322485 124285
1305324283 124558
1305329858 124594
1305334035 124594
1305349535 124782
1305350828 124792
1305354796 124778
1305359919 124778
1305402773 124780
1305403178 124796
1305404994 124806
1305410332 124827
1305412541 124784
1305412677 124784
1305413375 124782
1305413402 124798
1305415531 124874
1305415926 124874
1305417517 124878
1305423735 124882
1305430658 124890
1305435601 124902
1305436643 124903
1305437519 124912
1305449974 124919
1305450068 124922
1305485249 124922
1305487664 124921
1305493028 124921
1305551761 124825
1305555673 124827
1305572535 124827
1305586458 124853
1305588785 124856
1305597335 124889
1305597422 124954
1305610225 124954
1305640616 125002
1305640957 125002
1305647579 125002
1305652220 125003
1305652464 125012
1305652508 124943
1305653068 125013
1305653188 125019
1305653347 124944
1305655737 124943
1305656102 124942
1305657274 125060
1305659645 125061
1305660247 125056
1305660745 125058
1305665980 125059
1305668457 125063
1305668668 125063
1305669621 125016
1305669981 125016
1305672805 125019
1305673296 125019
1305680338 125262
1305681434 125454
1305681545 125476
1305710333 125476
1305717725 125477
1305719750 125486
1305721568 125486
1305727880 125495
1305739335 125496
1305739340 125491
1305739347 125513
1305743620 125492
1305744825 125492
1305744982 125492
1305754401 125825
1305804830 126171
1305828635 125830
1305828799 125830
1305832817 126007
1305834005 126011
1305834783 126120
1305835988 126024
1305836458 126031
1305840184 126040
1305841689 126040
1305842897 126039
1305843436 126056
1305844479 126110
1305846389 126112
1305847452 126116
1305849606 126135
1305849653 126136
1305854993 126178
1305855438 126205
1305860706 126206
1305868923 126205
1305917438 126038
1305920156 126042
1305920456 126258
1305928444 126262
1305928730 126263
1305929653 126275
1305930311 126281
1305953325 126304
1306014779 126352
1306014971 126353
1306015699 126354
1306019183 126081
1306065002 126081
1306068487 126102
1306097973 126155
1306111226 126155
1306111236 126326
1306111295 126325
1306111913 126327
1306137970 126432
1306153936 126441
1306176714 126471
1306176944 126441
1306184043 126489
1306187667 126498
1306188444 127122
1306190382 127113
1306193068 127114
1306200786 127129
1306217388 127130
1306219998 127130
1306247148 127131
1306248128 127112
1306248993 127166
1306251216 129077
1306251220 129130
1306263793 129130
1306274071 129131
1306294560 129130
1306294699 129136
1306298712 129136
1306323131 129140
1306338897 129141
1306339729 129110
1306346849 129268
1306351012 129284
1306353439 129348
1306356613 129354
1306357680 129354
1306359594 129377
1306360870 129403
1306361723 129625
1306363797 129625
1306420076 129625
1306501822 129625
1306503290 129625
1306503298 129666
1306510329 129704
1306513974 129692
1306517207 129696
1306517739 129711
1306519071 129713
1306631902 129710
1306635265 129710
1306637080 129776
1306638818 129801
1306638858 129801
1306639120 129801
1306640108 129789
1306641819 116382
1306642955 116382
1306646526 116382
1306646587 116382
1306652891 116386
1306669436 116386
1306678289 116392
1306678760 116392
1306680341 116392
1306685513 116395
1306685746 116403
1306687590 116434
1306875137 116439
1306875179 116678
1306877527 116674
1306880339 116675
1306882852 116684
1306923817 116684
1306949119 116687
1306949471 116687
1306950545 116689
